slurm-ap+   54.78    5.98    0.00   38.49    0.75  100.00 
22:27
slurm-ap+   54.13    5.98    0.00   39.11    0.78  100.00 
23:27
slurm-ap+   63.71    5.98    0.00   26.34    3.97  100.00 
00:27
slurm-ap+   63.19    5.98    0.00   26.85    3.97  100.00 
01:27
slurm-ap+   62.70    5.98    0.00   27.35    3.97  100.00 
02:27
slurm-ap+   62.19    5.98    0.00   27.87    3.96  100.00 
03:27
slurm-ap+   61.67    5.98    0.00   28.38    3.96  100.00 
04:27
slurm-ap+   61.15    5.98    0.00   28.90    3.96  100.00 
05:27
slurm-ap+   60.64    5.98    0.00   29.42    3.96  100.00 
06:27
slurm-ap+   60.12    5.98    0.00   29.93    3.96  100.00 
07:27
slurm-ap+   59.60    5.98    0.00   30.44    3.97  100.00 
08:27
slurm-ap+   59.48    5.98    0.00   30.55    3.98  100.00 
09:27
slurm-ap+   59.76    5.98    0.00   30.25    4.00  100.00 
10:27
slurm-ap+   60.00    5.98    0.00   30.01    4.00  100.00 
11:27
slurm-ap+   59.81    5.98    0.00   30.53    3.68  100.00 
12:27
slurm-ap+   59.19    5.98    0.00   31.15    3.68  100.00 
13:27
slurm-ap+   58.49    5.98    0.00   32.27    3.25  100.00 
14:27
slurm-ap+   57.68    5.98    0.00   33.10    3.24  100.00 
15:27
slurm-ap+   57.01    5.98    0.00   34.90    2.10  100.00 
16:27
slurm-ap+   56.78    5.98    0.00   35.63    1.61  100.00 
17:27
slurm-ap+   56.88    5.98    0.00   36.34    0.80  100.00 
18:27
slurm-ap+   56.29    5.98    0.00   37.00    0.72  100.00 
19:27
slurm-ap+   55.43    5.98    0.00   38.30    0.28  100.00 
20:27
