slurm-ap+   37.87    5.56    0.00   33.14   23.44  100.00 
2021-1-1
slurm-ap+   78.48    5.56    0.00    0.00   15.97  100.00 
2021-1-2
slurm-ap+   83.26    5.11    0.00    0.00   11.63  100.00 
2021-1-3
slurm-ap+   93.09    0.43    0.00    0.00    6.49  100.00 
2021-1-4
slurm-ap+   91.16    0.43    0.00    0.00    8.41  100.00 
2021-1-5
slurm-ap+   69.61    0.43    0.00    0.00   29.97  100.00 
2021-1-6
slurm-ap+   89.99    0.43    0.00    0.00    9.58  100.00 
2021-1-7
slurm-ap+   94.17    0.43    0.00    0.00    5.41  100.00 
2021-1-8
slurm-ap+   97.44    0.43    0.00    0.00    2.14  100.00 
2021-1-9
slurm-ap+   84.31    0.43    0.00    0.00   15.26  100.00 
2021-1-10
slurm-ap+   81.73    0.43    0.00    0.00   17.84  100.00 
2021-1-11
slurm-ap+   89.95    0.41    0.00    0.00    9.64  100.00 
2021-1-12
slurm-ap+   96.14    0.28    0.00    0.00    3.57  100.00 
2021-1-13
slurm-ap+   82.11    0.43    0.00    0.00   17.46  100.00 
2021-1-14
slurm-ap+   72.74    0.43    0.00    0.00   26.83  100.00 
2021-1-15
slurm-ap+   64.87    0.43    0.00    0.00   34.71  100.00 
2021-1-16
slurm-ap+   66.07    0.43    0.00    3.23   30.28  100.00 
2021-1-17
slurm-ap+   52.12    0.43    0.00   44.08    3.37  100.00 
2021-1-18
slurm-ap+   54.08    0.43    0.00   43.97    1.53  100.00 
2021-1-19
slurm-ap+   67.67    0.43    0.00   31.90    0.00  100.00 
2021-1-20
slurm-ap+   69.53    0.43    0.00   30.04    0.00  100.00 
2021-1-21
slurm-ap+   73.25    1.13    0.00   25.61    0.00  100.00 
2021-1-22
slurm-ap+   68.04    0.43    0.00   31.53    0.00  100.00 
2021-1-23
slurm-ap+   68.89    0.43    0.00   30.68    0.00  100.00 
2021-1-24
slurm-ap+   72.77    0.43    0.00   26.80    0.00  100.00 
2021-1-25
slurm-ap+   73.92    2.62    0.00   23.46    0.00  100.00 
2021-1-26
slurm-ap+   74.97    0.43    0.00   24.42    0.18  100.00 
2021-1-27
slurm-ap+   74.53    2.35    0.00   23.12    0.00  100.00 
2021-1-28
slurm-ap+   63.81    5.56    0.00   30.64    0.00  100.00 
2021-1-29
slurm-ap+   72.00    5.56    0.00   21.77    0.67  100.00 
2021-1-30
slurm-ap+   70.79    5.90    0.00   11.94    11.37 100.00 
2021-1-31
slurm-ap+   83.59    5.56    0.00    0.00   10.86  100.00 
2021-2-1
slurm-ap+   87.66    5.56    0.00    0.45    6.33  100.00 
2021-2-2
slurm-ap+   78.48    5.53    0.00   13.44    2.55  100.00 
2021-2-3
slurm-ap+   89.07    5.53    0.00    0.00    5.40  100.00 
2021-2-4
slurm-ap+   87.28    5.56    0.00    0.00    7.17  100.00 
2021-2-5
slurm-ap+   77.84    5.56    0.00    3.88   12.73  100.00 
2021-2-6
slurm-ap+   82.72    5.56    0.00    4.62    7.10  100.00 
2021-2-7
slurm-ap+   78.40    5.56    0.00    0.00   16.04  100.00 
2021-2-8
slurm-ap+   83.68    5.56    0.00    0.00   10.76  100.00 
2021-2-9
slurm-ap+   90.10    5.56    0.00    0.00    4.34  100.00 
2021-2-10
slurm-ap+   85.52    5.03    0.00    0.00    9.45  100.00 
2021-2-11
slurm-ap+   94.78    1.99    0.00    0.00    3.22  100.00 
2021-2-12
slurm-ap+   90.34    5.17    0.00    0.00    4.49  100.00 
2021-2-13
slurm-ap+   85.81    5.30    0.00    0.88    8.02  100.00 
2021-2-14
slurm-ap+   95.62    3.10    0.00    0.00    1.28  100.00 
2021-2-15
slurm-ap+   78.02    5.93    0.00    5.78   10.27  100.00 
2021-2-16
slurm-ap+   79.63    5.98    0.00    4.60    9.79  100.00 
2021-2-17
slurm-ap+   84.85    5.98    0.00    1.48    7.69  100.00 
2021-2-18
slurm-ap+   89.06    4.51    0.00    0.10    6.34  100.00 
2021-2-19
slurm-ap+   98.03    1.95    0.00    0.00    0.02  100.00 
2021-2-20
slurm-ap+   92.09    4.71    0.00    0.00    3.20  100.00 
2021-2-21
slurm-ap+   85.81    4.42    0.00    5.28    4.49  100.00 
2021-2-22
slurm-ap+   96.54    3.10    0.00    0.00    0.36  100.00 
2021-2-23
slurm-ap+   93.12    5.53    0.00    0.00    1.35  100.00 
2021-2-24
slurm-ap+   90.69    3.97    0.00    0.00    5.34  100.00 
2021-2-25
slurm-ap+   82.71    5.45    0.00    0.00   11.84  100.00 
2021-2-26
slurm-ap+   84.17    4.87    0.00   10.58    0.39  100.00 
2021-2-27
slurm-ap+   78.69    5.53    0.00    1.44   14.33  100.00 
2021-2-28
slurm-ap+   75.61    5.16    0.00    1.44   17.79  100.00 
2021-3-1
slurm-ap+   89.18    5.23    0.00    0.00    5.59  100.00 
2021-3-2
slurm-ap+   92.89    3.74    0.00    0.32    3.05  100.00 
2021-3-3
slurm-ap+   77.17    5.98    0.00    0.56   16.29  100.00 
2021-3-4
slurm-ap+   84.43    5.87    0.00    0.00    9.70  100.00 
2021-3-5
slurm-ap+   70.57    5.98    0.00    0.00   23.45  100.00 
2021-3-6
slurm-ap+   74.92    5.77    0.00    1.16   18.15  100.00 
2021-3-7
slurm-ap+   76.09    6.91    0.00    4.63   12.37  100.00 
2021-3-8
slurm-ap+   58.10    5.98    0.00   15.69   20.22  100.00 
2021-3-9
slurm-ap+   61.15    5.98    0.00    8.96   23.90  100.00 
2021-3-10
slurm-ap+   81.08    5.93    0.00    0.61   12.37  100.00 
2021-3-11
slurm-ap+   85.50    5.88    0.00    0.98    7.64  100.00 
2021-3-12
slurm-ap+   79.53    5.98    0.00    5.85    8.63  100.00 
2021-3-13
slurm-ap+   67.17    5.81    0.00   13.88   13.15  100.00 
2021-3-14
slurm-ap+   72.35    5.98    0.00    0.00   21.67  100.00 
2021-3-15
slurm-ap+   62.64    5.98    0.00    0.00   31.37  100.00 
2021-3-16
slurm-ap+   62.89   11.83    0.00    0.00   25.27  100.00 
2021-3-17
slurm-ap+   52.96   12.82    0.00   24.24    9.98  100.00 
2021-3-18
slurm-ap+   42.91   12.82    0.00   35.73    8.54  100.00 
2021-3-19
slurm-ap+   55.43   12.82    0.00    0.00   31.75  100.00 
2021-3-20
slurm-ap+   60.60    6.31    0.00    0.64   32.45  100.00 
2021-3-21
slurm-ap+   49.11    5.98    0.00   38.43    6.48  100.00 
2021-3-22
slurm-ap+   47.72    5.98    0.00   40.16    6.14  100.00 
2021-3-23
slurm-ap+   49.64    5.98    0.00   43.32    1.06  100.00 
2021-3-24
slurm-ap+   76.29    5.98    0.00    5.39   12.34  100.00 
2021-3-25
slurm-ap+   83.58    5.98    0.00    0.00   10.44  100.00 
2021-3-26
slurm-ap+   80.89    5.98    0.00    0.00   13.12  100.00 
2021-3-27
slurm-ap+   82.50    5.98    0.00    0.00   11.52  100.00 
2021-3-28
slurm-ap+   72.33    5.98    0.00    0.00   21.69  100.00 
2021-3-29
slurm-ap+   62.20    5.98    0.00    0.00   31.81  100.00 
2021-3-30
slurm-ap+    60.23    5.94    0.00    22.20    11.64    100.00 
2021-3-31
slurm-ap+   48.69    5.98    0.00    0.00   45.33  100.00 
2021-4-1
slurm-ap+   59.93    5.98    0.00    0.00   34.09  100.00 
2021-4-2
slurm-ap+   61.98    5.98    0.00    0.00   32.04  100.00 
2021-4-3
slurm-ap+   65.54    5.98    0.00    3.64   24.83  100.00 
2021-4-4
slurm-ap+   48.70    5.98    0.00   34.87   10.44  100.00 
2021-4-5
slurm-ap+   52.37    5.98    0.00   38.48    3.16  100.00 
2021-4-6
slurm-ap+   61.98    5.98    0.00   31.41    0.63  100.00 
2021-4-7
slurm-ap+   68.76    5.98    0.00   25.24    0.02  100.00 
2021-4-8
slurm-ap+   79.81    5.98    0.00   13.74    0.47  100.00 
2021-4-9
slurm-ap+   80.97    5.98    0.00   12.24    0.81  100.00 
2021-4-10
slurm-ap+   87.65    5.98    0.00    6.05    0.31  100.00 
2021-4-11
slurm-ap+   83.97    5.98    0.00    9.51    0.53  100.00 
2021-4-12
slurm-ap+   84.68    5.98    0.00    6.71    2.63  100.00 
2021-4-13
slurm-ap+   80.09    5.98    0.00   12.41    1.52  100.00 
2021-4-14
slurm-ap+   83.16    4.47    0.00   11.77    0.60  100.00 
2021-4-15
slurm-ap+   83.03    5.68    0.00    7.15    4.14  100.00 
2021-4-16
slurm-ap+   76.94    5.98    0.00    7.76    9.32  100.00 
2021-4-17
slurm-ap+   78.59    5.98    0.00    1.19   14.24  100.00 
2021-4-18
slurm-ap+   74.31    5.98    0.00   11.43    8.28  100.00 
2021-4-19
slurm-ap+   77.16    5.98    0.00   12.22    4.63  100.00 
2021-4-20
slurm-ap+   71.10    5.98    0.00   21.40    1.52  100.00 
2021-4-21
slurm-ap+   72.68    5.98    0.00   20.60    0.74  100.00 
2021-4-22
slurm-ap+   36.99    5.98    0.00   56.50    0.52  100.00 
2021-4-23
slurm-ap+   27.18    5.98    0.00   66.83    0.00  100.00 
2021-4-24
slurm-ap+   40.13    5.98    0.00   27.69   26.20  100.00 
2021-4-25
slurm-ap+   56.25    5.98    0.00    0.00   37.77  100.00 
2021-4-26
slurm-ap+   40.87    5.98    0.00   47.13    6.01  100.00 
2021-4-27
slurm-ap+   49.98    5.98    0.00   33.65   10.39  100.00 
2021-4-28
slurm-ap+   33.86    5.98    0.00   58.42    1.74  100.00 
2021-4-29
slurm-ap+   29.34    5.98    0.00   64.59    0.09  100.00 
2021-4-30
slurm-ap+   24.07    5.98    0.00   69.06    0.89  100.00 
2021-5-1
slurm-ap+   31.43    5.98    0.00   47.89   14.70  100.00 
2021-5-2
slurm-ap+   48.05    5.98    0.00   20.09   25.88  100.00 
2021-5-3
slurm-ap+   61.34    5.98    0.00   11.07   21.61  100.00 
2021-5-4
slurm-ap+   63.30    5.98    0.00   18.57   12.14  100.00 
2021-5-5
slurm-ap+   56.41    5.98    0.00   24.92   12.69  100.00 
2021-5-6
slurm-ap+   57.76    5.98    0.00   18.77   17.49  100.00 
2021-5-7
slurm-ap+   58.33    5.98    0.00   12.78   22.90  100.00 
2021-5-8
slurm-ap+   56.18    5.98    0.00   25.83   12.01  100.00 
2021-5-9
slurm-ap+   70.78    5.98    0.00   15.90    7.34  100.00 
2021-5-10
slurm-ap+   84.32    5.98    0.00    9.29    0.41  100.00 
2021-5-11
slurm-ap+   55.98    5.98    0.00   37.54    0.49  100.00 
2021-5-12
slurm-ap+   72.34    5.98    0.00   20.87    0.81  100.00 
2021-5-13
slurm-ap+   76.88    5.98    0.00   14.13    3.01  100.00 
2021-5-14
slurm-ap+   63.71    5.98    0.00   26.34    3.97  100.00 
2021-5-15
